1 1 2 3 4
2 5 5 6 7 8 9
3 10 11 12
4 13 14
5 15 16
6 17 18
7 19 19
8 20 20 20
9 21 21 22 22 22 23 24 25 26 27 28 29
10 30 30
11 31 32 31
12 33 34 33
13 35 35 35
14 36 37
15 33 33
16 38 38 39 39
17 40 40 40 40 40 41
18 42 42 42 43 43 44 45 46 47 48 49 50 9 9 51 43
19 52 52 52 52
20 53 53 54 54
21 55 56 57 58
22 59 60 61 62 63 63 64 65 66 67
23 68 68 69
24 70 71
25 72 72
26 73 74
27 75 76 76 76 77 77 77 77 77 77 77 77 78 78 78 78
28 79 17
29 80 81
30 82 72
31 83 84 83
32 85 86
33 87 87 87 87 87
34 88 88
35 89 90
36 37 36 91 32 92 93 94 95
37 96 96 96 96 96 96
38 97 98 99
39 100 101 102 103
40 104 105
41 106 107 108 109 110
42 111 112
43 113 114 114 114
44 115 116 116 116 116 117
45 118 119 119 120 121
46 122 122
47 123 124
48 125 125
49 126 126 126 126 126
50 127 58 128 129 130 131 132 133 134 135
51 136 137 138
52 139 140 62
53 87 87 87
54 141 142
55 143 144
56 145 146
57 112 147
58 148 148 149 149
59 150 150
60 151 152
61 153 154 155
62 156 156 156 157 157 158 18 18
63 159 160 161 159 159 159 162 163 164 111
64 165 166
65 167 167 167 168 167
66 169 35 170 171
67 172 173 174 175 176 177 178 179 180 180 179
68 181 182 182 183 184 130 134 134 134 185 186 186 28 28 187 187 188 189 190 191 192 193 194 195 196 197 197
69 198 199
70 200 201
71 92 202
72 203 204 205
73 206 108 207 208
74 209 210
75 211 211
76 212 213
77 214 214
78 215 216 217 218 219
79 220 221
80 222 44
81 142 142
82 223 209 224 225
83 226 227
84 21 223
85 228 229 229
86 230 230 231 232 233 234 235 236 236 237 237 126 238 237 237 237 126 236
87 208 239
88 240 241
89 242 243 244
90 91 21
91 44 46
92 85 230 245 165
93 246 247
94 248 249
95 250 251 252 253 254 250 255 254 254 256 257 258 259 260 261 262 258 253 252 255
96 263 264
97 265 265 265 266 267 268 267 269
98 150 150
99 270 270 270
100 271 271
101 16 163
102 211 211 272 153 21 273
103 243 274 165
104 275 276
105 277 277
106 278 279 280 278
107 62 281
108 282 282 283 283
109 284 285 286 286 287 285 285
110 37 16
111 21 288
112 289 290
113 291 291 291
114 246 292 293 294 295 296 297 296
115 298 299 300 301
116 302 303
117 35 35 35
118 304 305
119 306 306 307 308
120 277 146 146 309 112
121 310 310
122 311 48
123 302 312 312 293 313 303
124 94 224
125 126 77
126 314 315
127 316 317 318 319 320
128 321 322 323
129 324 325 36 149 20
130 326 327
131 328 329 329
132 226 330
133 331 332 34
134 333 334 335
135 270 336
136 337 35
137 338 339
138 340 341
139 10 96 96
140 144 148 342 343
141 344 344
142 345 345
143 346 347
144 62 348 349
145 350 351
146 352 353 352 354 355 354 356
147 203 205
148 357 357 358
149 359 13 92
150 166 360 361 95
151 303 303
152 362 362 362 362
153 363 363 364 363
154 365 365 366 270 365
155 367 367 367
156 368 369 214
157 370 371
158 372 372
159 373 374 31 375 376
160 28 186
161 377 377
162 378 378 379 378
163 293 380 52 118
164 145 381
165 382 383 384
166 385 385 386 387 387 149 388 275 383 389 390 32 391 350 391 392
167 87 87
168 393 394 395 396 394 397 398 399
169 400 401
170 402 403 404 405 406 407
171 246 408 219
172 409 410
173 130 411 412
174 367 148 367 413 149
175 369 414
176 273 91
177 415 416 270
178 417 418
179 45 419
180 205 204
181 270 270 416
182 420 209
183 420 421 422 423 424 425 426 427 428 429 430 198
184 203 431 431
185 432 433 434
186 435 435 369
187 436 437 438
188 439 396
189 393 440
190 441 442 443 369 246
191 444 445 444 377
192 209 272 446
193 445 445 445 447 448 449 450 451 452 453 454 454 455 456
194 457 458 459 460 461
195 462 462 133 463
196 87 385 47
197 464 465 464 464 466 467 464 468 343
198 210 469 470 471
199 472 473 474
200 475 111 112 476 477 62 478 37
201 479 480 481 482
202 153 16 483 484 485 485 216 75 486
203 32 32
204 487 488 489
205 270 490
206 491 432 491 77 237
207 492 150 492 150 492
208 493 36 494
209 495 311 496 497
210 498 498
211 499 500
212 501 502 501 503 501 501 504 504 505 506 507 508 508 509
213 510 510
214 294 96 511 96
215 512 513
216 514 515
217 21 516
218 517 340 165 518
219 118 519
220 520 521 520 521 520
221 10 96 522
222 523 523
223 32 359 32 32
224 519 40 524 32
225 150 150 413 367 367 148 148 148 148
226 525 525 301 525 526 525 527 525
227 528 528 528
228 529 529
229 475 530
230 203 531 532
231 471 471 75 75
232 533 534
233 292 293
234 265 266 265
235 150 492
236 535 32 536 535
237 537 537 537
238 149 31 538
239 539 540 541
240 378 542
241 543 18
242 20 270 544 545 434
243 106 344
244 153 153
245 302 293
246 546 546 546
247 547 331 548 548 549 550
248 551 475
249 552 553
250 554 555 198 554 556 420 516 557 558 420 420 559 560
251 561 562 563 562
252 564 565 566 567
253 294 294 516 420
254 568 568 569
255 32 570 571
256 572 572
257 573 573
258 351 574
259 302 209 36 345 148 575 246
260 576 576
261 576 576
262 577 578 579
263 228 229
264 580 581 580
265 582 582
266 326 326
267 583 264
268 222 222 222 222 50
269 584 585 585 586
270 587 588 589 590 591 589
271 412 197 592 593 594 595 152 294 596
272 597 598
273 599 599
274 413 413 600 601
275 270 270
276 359 549
277 602 533
278 203 203 603 226 204
279 604 605 606 607 204
280 608 609
281 385 385
282 610 611 610
283 282 303
284 149 387 272
285 244 244 243
286 612 374 374 374 613
287 614 53 380 118 157 157 615
288 244 592 294 441 442
289 516 516
290 32 32
291 272 616
292 617 618 618
293 619 619
294 52 52 620 281 621
295 622 623 624 625 626 627 628 629 630
296 631 631
297 632 632
298 95 633 634 635 636
299 637 638
300 580 580
301 78 78
302 639 640 641 642 643 644 645
303 149 646 647
304 648 649 649 650 651 652 652 653 652 652 654 655 656 655 657 657 657 658 571
305 659 660
306 47 50 311
307 580 580 80 80
308 661 662 663 664 665 128 27 48 47 49 666 667
309 153 668
310 129 669 263 670 263
311 671 671 672 672
312 229 229
313 313 32
314 673 528
315 674 360 166
316 283 282 380
317 549 209
318 675 676
319 155 602
320 303 677 678
321 679 680
322 303 312 312 380 368 368
323 681 27 29 29 194
324 244 682
325 128 130 153
326 270 270
327 683 684
328 150 492 150 385 685
329 37 686
330 687 688 689 690 687 689 691 689 689 689
331 692 692
332 486 58
333 693 560 693 693 694 694 693
334 246 292 246 292 695
335 696 510 443 697
336 698 699 698 698
337 277 359
338 700 700
339 277 635
340 22 246 157 156
341 98 99 701 98 701
342 118 156 156 118 302 292 246 368 52 157 420 550
343 702 298 703
344 35 35 35 35
345 554 704 705
346 511 111 204
347 706 42
348 707 707
349 678 708 118 708 118 708 708
350 695 312
351 709 710 147 147 204 431 112 30
352 510 711
353 712 712
354 292 246
355 661 713
356 153 491 432 77 451 222
357 153 16 379 682 215 714 715 601 616 88
358 277 16 716 717
359 718 719
360 359 32
361 720 721
362 722 723 667
363 373 374 724
364 311 94
365 247 725 549
366 726 664 727 58 486 129 153
367 94 94
368 369 728
369 729 729 729 601 730 31
370 147 204 226 204 431 431 204 147 204 203 204 112 204 299 301 299 731
371 732 631 732
372 271 733
373 734 735
374 736 548 156 118
375 737 246 277 21 246
376 277 37 273 209
377 738 344 560
378 270 483 739 739 543 543 130 130 462 134 134 130 740 412 741 741 5 742 743 744 745 746 243 243 183 29 29 194 194 28 28 152 152 152 152 747 747 748 49 749 141 41 41 750 204 633 751 709 112 147 272 752 753 754 755 756 757 758 759 759 760 761 762 762 763 763 764 765 765 766 767 763 763 759 758 768 768 769 769 756 761 761 770 770 243 632 759 444 444 444 771 771 444 152 152
379 772 772
380 773 774 775
381 776 776
382 777 778
383 516 420
384 277 150 779
385 380 118
386 780 781
387 782 293 783 783
388 143 149 219 18 219 32 219 32 784
389 632 270
390 631 785 631 631 786 732 787 787
391 788 789
392 790 790 790 790 791 792 793 794 791
393 16 16 16 16
394 204 203 795 796 797
395 798 798
396 799 799 800 801
397 802 803
398 804 805 806
399 807 807
400 385 808
401 809 637
402 128 741 741
403 810 811
404 55 151 543 812 813 814 815 816 118 817 498 818 819 188 156 158 283
405 820 370
406 244 592 244 821 441
407 822 823 632
408 87 87
409 270 366 270 336 416
410 118 118 118 156 156 118 118 293 293 246 246
411 37 824
412 825 62
413 826 827 827 826 826
414 165 517 517 828 614 829 830
415 575 275 214
416 831 87 831
417 370 370 371 371 370 371 371 370 370
418 21 219 375 832
419 833 111
420 834 835 836 150 837
421 627 838 627 626 839 840 841 842 843
422 32 205 709 112
423 383 383
424 711 312
425 391 365 844 333 845 846 847 848
426 367 367 87 87 148 149
427 849 850 850
428 547 550 547 851 852
429 393 396
430 853 276 222 451 1
431 345 854
432 855 856
433 857 857 858 859 859 860 860 861 862 863 822 864 862 857 865 866 866 867 868 860 860 869 870 871 871 858 829 858 872 873 237 77 77
434 874 875 876 877
435 154 154 878 879 880 881 882
436 143 36
437 883 884
438 885 886
439 270 366 366 416
440 36 36 516 516 516 516
441 301 887 888 385 888
442 888 385 888 889 265 888 889 888
443 35 857 857 857 35
444 293 379
445 890 891
446 299 892 893
447 550 392 351
448 87 359 359
449 150 17 894 895 88 896 96
450 560 560
451 897 898 899 897 898
452 246 246
453 293 900 901 900 901 901 901 313 313 362
454 370 202
455 112 147 111 112
456 385 386 150
457 274 441 244 444
458 159 118 313
459 27 133 412
460 143 144
461 902 902 903
462 443 443
463 904 904
464 32 359 32
465 517 905 906
466 408 292 246 157 293 368 158 408
467 907 907 907
468 908 370 371
469 16 16
470 749 749 749 749 749 749 749
471 909 910
472 911 912 911 911 913 914 915 916 916 911
473 917 918 917 917 917
474 516 919 551
475 920 52 695 246 695 52 52
476 391 391 53
477 157 921 32 272 222 573 451 491 922 923 924 925
478 926 270
479 359 359
480 927 928
481 717 929 483 930 931 930 932 932 216 717 75 483 483 929 717 929 78 50 50 311 50 50
482 272 933
483 934 934 301 204
484 145 145
485 935 935
486 936 91 270 148 385 492 386
487 937 938
488 716 716
489 32 32
490 939 940 941 476 942 476 942
491 941 476
492 941 941
493 150 293
494 96 943 944 945 745 946 947 96 511 10 511 96 511 511 96 511 948 949 949 950 736 951 952 951 953 954 955 956
495 310 270 957 310
496 371 371 371 371 371 958 209 209 545 516 516
497 959 960 865 245 95 961
498 203 205 710 112 147 147 203 147 147
499 156 408 408 302 380
500 157 962
501 275 275
502 963 963 964 391 965 366 401 966
503 37 416
504 967 967
505 967 967 968 967 967 967 967 967 967 967 967 967
506 967 967 967
507 159 159
508 969 969 970 970 971 972 973 973
509 974 975
510 936 240
511 924 976 924
512 977 977 660 660 978 978
513 130 94
514 209 46
515 387 149
516 150 463
517 979 980 981
518 982 983 984
519 985 986
520 281 62
521 320 320 320
522 303 312
523 987 987
524 988 989
525 976 990
526 991 992
527 993 717 294 994 411
528 247 247
529 995 995 996 996 997
530 998 998
531 380 479
532 55 163
533 203 203
534 99 97
535 37 37
536 45 155 45 45
537 332 270 416 270 999
538 270 270 1000 1000 1000
539 150 150 492 277 144
540 737 312 737
541 143 270 270 416 416 988 988 270 1001 1002 1002
542 379 379
543 920 368 220
544 196 294 442 1003
545 1004 1004 1005 1006 223
546 1007 277 359 964 391 371
547 345 1008
548 1009 802
549 377 238 78
550 1010 1011 1012 1013 1011 1014
551 111 204 204
552 87 87
553 710 147 96
554 1015 70
555 524 1016 143 524 1016 143 524 1016 143
556 753 755
557 1017 1017
558 149 91
559 1018 1019 516 516
560 706 43 706 1020 49 45 669
561 420 555
562 632 87
563 785 1021 785 785 1022
564 367 143 413
565 277 359 1023 437 1024 1025 1026
566 211 211
567 1027 1028
568 310 615
569 1029 1029
570 350 1030 1031 1031 731
571 958 958 1032
572 367 413
573 1033 1034 1035
574 154 1036 1037 1037 1037 1037
575 1037 1038 1039 1040 1041 1042 1041 251 251 1041
576 209 78
577 270 416 988 336 366 270
578 144 772 538
579 1043 1044
580 965 516 420 278 279 1045
581 92 570 420 516 31
582 1046 1047
583 1048 1048
584 92 92
585 414 1049
586 30 204
587 275 214 247 249
588 246 246
589 222 222
590 1050 1050 1050 1050
591 1051 414 974 384 383
592 373 12 373 373
593 198 1052
594 350 545
595 1053 1054 1055 1056
596 277 10 511
597 149 149
598 1057 442 442 517 517 517
599 1058 1059
600 46 49
601 807 1060 1061
602 1062 1062
603 479 783 1063 1064 1065
604 1066 1067 1068 1069 1070
605 16 153
606 153 153 16 16 219 153
607 153 153 16 16 153 153 153 1071 894
608 1072 1073
609 1074 311 311
610 785 807 807 807 807 807 807 807 807 807 807
611 807 807
612 1075 693 1075 1076 1077
613 1078 224 222
614 87 87
615 244 244
616 1079 1079
617 1080 1081 1082 1083 1084
618 380 1085 1082 1081 1086 1087 1087 1088 1089 1088
619 277 516 149
620 1090 1058 1058 1059 1091
621 34 118 519 156
622 335 921 1092 678
623 52 920
624 1093 1094 1093 1095 1096 1095 1096 1095
625 270 270 270
626 1097 1098 1099 1099 1099 1100 1100 1101
627 270 270 1102
628 1103 1103
629 1104 1104 1104 1104 1104 1104 1104 1104 1105 894 856 856 894 894 1106 1107 1104 1105 1105 1105 1104 1104 1104 894 1071 218 987 987 1104 987 1104 894 855 855 987 855 894 1108 1104 987 1109
630 390 390 149 149
631 186 186 186 186 1110 1111 1111 471 470
632 1009 602 1009 1009 602 1009 277
633 1112 1112
634 367 148 36 149
635 143 143 144
636 710 710 112 203
637 1113 539
638 1114 1114 1114 361
639 1115 971 970
640 511 511 511 10 709 710 709 709
641 144 1116 1117
642 668 1118
643 451 451 573 573 78 78
644 244 275
645 737 157
646 247 1119
647 900 293
648 367 367 367 601 730 1120 793 793 1120 1121 1122 1123 1122 1122
649 1124 614 830
650 709 62
651 1125 1125
652 1126 1126
653 975 1127
654 1128 1128 1128 1128
655 270 270 270
656 1129 1130 1131
657 1132 156
658 825 825
659 772 1133 1134 966 1135 1135
660 1136 1136
661 380 52
662 391 391
663 793 793
664 580 80
665 298 1137 298
666 21 401 400 401 400 665 1007
667 222 222
668 492 492 390 390 87 385 385 149 635 379 379 166 1 830 802 40
669 294 1138
670 270 270 270 270
671 1139 1139 1140
672 1141 1141 1141 1141
673 1142 1142
674 714 153
675 966 964
676 166 661 662 1143
677 288 288 204 204 112 147
678 18 1144
679 1145 1146 1145
680 1147 1148
681 187 156
682 370 371
683 1149 1150 1151 1150
684 1152 1153 1154
685 228 229 228
686 1155 307 1155 1155
687 1156 1157
688 1158 1159
689 1160 1161 1162 1163 785 1161 785
690 128 128
691 272 272 1164
692 150 779
693 205 1165
694 670 1150
695 441 821 1166
696 1167 351 360 128
697 273 273
698 1168 1169 1170 1171 1172 1173 1174 1175 1176 1177 1178 1179 1179 1180 1181 48 49
699 1182 1183 1184 1185
700 1186 1186
701 1187 1188 1188
702 516 420 278 420 929 128
703 133 131
704 416 336 416
705 87 87 277 451 78 78 1189
706 1190 1191 1190 1191 699 1192
707 45 111 1193 1194
708 1165 1195
709 367 359
710 111 205 132
711 275 575
712 885 885 885 153 153 219 219 135 1196 1196 1197 1197 1197
713 698 699
714 219 153
715 150 150 150
716 1198 1198
717 79 1199
718 43 706 1200 42 203
719 283 158 157 312 695 1201 302 408
720 1202 1203 1202 1203 1204 1202
721 1205 1205
722 1206 1206
723 153 539
724 37 1207 223 209 209
725 929 929 929 28 28
726 1208 1209
727 552 1210
728 370 370 371 371 371 371 958 958
729 1211 1212 1213 1213 1212 1214 1214 50 50 9 50 50
730 414 549 549
731 1215 1216
732 575 575 575 1217 575 575 575 575 1218 1218 1219 1219
733 45 854 46 49 44 301
734 1220 1220
735 1221 1221
736 1221 1221
737 106 106 111 111 1222
738 1223 1224 1225
739 246 293
740 1226 77
741 293 313 737 156 1227
742 118 156 368 293
743 36 36
744 378 1228 707
745 1229 1230 1231 1232
746 302 368 368 965 964 146 958 401 401 391 202 400 401
747 641 1233
748 243 246
749 282 1234 316 1234
750 1235 102 1236 1237 1238
751 311 50
752 1163 1163
753 313 246 312 479
754 10 896
755 10 112
756 730 601
757 182 182 182 182 182 182
758 265 301
759 375 158
760 58 739 1239 1240 1241 543
761 1242 400
762 1243 1243
763 153 16
764 277 277 219 17 79 1199 1244 894 499 154
765 1245 1245 150
766 130 412 47
767 1246 1247 1247 1247 1248 1249 1250 1251 1251 1252 1252 1253 1254 1254 1255 1255 1256 1256 1257 1258 1258 1259 1259 1260 1261
768 700 700 939 1262
769 335 413
770 91 1167
771 21 400 966 1133
772 149 360
773 1048 1048 1048 1048 1048
774 1048 1048 1048 1048 1048 1048 1048
775 391 391
776 1263 1264
777 150 150 310
778 380 222
779 153 153 153 17
780 270 270
781 380 665
782 968 968
783 1265 1265
784 1266 1267 1267
785 150 277 144 210
786 1133 401
787 1268 1269
788 266 345 209
789 9 666 45 45 46 50 1270 1271 909 909
790 1272 1272 1272 1272 1272 1272 1272 1272
791 311 311 44
792 360 209 1273
793 157 91 36
794 1274 1275 115 532 117 1276 1277 1278 1279 1280 1281 1282 1283 245 1284 1285 1286 1287 29 27 1288 243 1289 1290 1291 204 115 532
795 635 570 375
796 1292 1293 44 46 45 1294 1294 572
797 592 88
798 601 730
799 1295 1295 1295
800 1296 1297 1296 1298 1296 1298 1299 1298 1300 1300 1301 1300 1300 1296 1302
801 1303 1304 1305 1303
802 153 153
803 408 1201 408 695
804 1306 1307 1308 1306 1309 1310 1311 1312 1313 1314 1315 1316 1317
805 492 153
806 807 50 807 1318
807 46 46
808 15 492 150 387
809 207 206 1319 702 702
810 1320 1320 1320
811 1321 47 1322
812 1323 1324
813 1325 631 72
814 635 682 215
815 31 31 31 31 1326 1326 1327 1327 1328 1328 1326
816 936 225 53
817 246 293 313
818 209 350 367
819 144 143
820 516 420 278 556 420
821 785 1325 1329 1330 916 1161 1163 785
822 631 266
823 645 645
824 1331 1332 1333 1334 1332
825 166 661 146 146 1335 1335 1335
826 1336 166
827 53 1337
828 1009 370 1338
829 293 273
830 45 50 9 9 1339
831 469 469 1340 1340 471 471 471 471
832 785 1341
833 223 1342 1342 1342
834 1343 1344 1345 1346 1347 1348 1349 1350 1348 1350 1351 618 1351 617 1345 1346 617 1351
835 17 153 1107 1107 894 1352
836 270 1353 1354
837 289 1355
838 1356 156 519 31
839 272 270
840 1330 631 1163
841 444 1217 902 1357 902 1358 1358 514 592 592 242 775 186 186 512 294 1359 741 1360 1039 1361 1362 1362 128 128 1363 244
842 1364 1365 1366 1261
843 302 302
844 1367 1368 1369
845 1370 499 499
846 682 378 1371
847 1372 281 281 281
848 1130 320 1131 320
849 112 532 147 1373 1373
850 1374 1375 1376 1377
851 414 377 20
852 1378 613 1378
853 293 313
854 367 777
855 492 150 150 492 1379
856 292 695
857 1167 219
858 1380 1381 1380 1381 1380 1381 1380 1380
859 1382 32 32
860 1383 58
861 1163 785 1163 1162 1161
862 1384 1384
863 302 313
864 545 277
865 657 89
866 97 98
867 492 492
868 601 729
869 934 1135 1385 731 881 272 1386 1387 1388 1389 1390 1391 1392 1393 1394 1395 1396 1394 1397 1392 1398 1399 1400 1399 1401 1402 113 1400 263
870 1403 732
871 9 51
872 573 1404 132 1404
873 345 1405 345 345 345
874 46 46 28 28 94 94
875 1406 1406
876 156 157 368 158 1227 601 635 729 224 10 96
877 431 203
878 854 1407 1007
879 1408 1409 1410 1411
880 1412 1413
881 784 1414
882 150 150
883 1415 1416
884 156 52
885 204 204
886 414 414
887 536 1417 32 32 359 1418 1419 1420 1421 1422 1423 1424 1425 1426 1427
888 1428 1429 1428 1429 62 62
889 40 40
890 134 134 187 187 1414 134 130 130 1430 1431 1432 543 1239 1241 744 669 1433 1434 1284 1435 1363 1436 1437 669 187 187
891 344 344
892 281 281 62 62 62
893 386 516 1438
894 1439 1439
895 246 313 337
896 1440 1441 1442
897 37 50 94 9 265 1443 1444 1445 1446 1447
898 246 292
899 1448 1449 1450
900 1340 717 75 929 483
901 96 96 1165 668 532 1165 1165
902 387 16
903 18 154 154 154 154
904 1275 219 224
905 143 148 21 62 1131
906 36 89
907 264 264
908 543 832 163 162 739 45 47 49
909 1451 444
910 1452 1453 1453
911 1454 143
912 331 1455 1456 533 1457 1458 1457 1459 1457 1459 1460 660 1458
913 62 281 62 475 1461 1462
914 365 370
915 150 36 64
916 1463 1463 1464 1411
917 204 532
918 271 1465
919 313 414
920 87 344 344 87 87
921 243 243
922 1342 1466 1342
923 1467 1468 1469
924 431 112 709 147 896 112
925 1470 1470 1470 1470 1470 1470 1471 1472 23 23
926 17 277
927 391 391 150
928 1473 1473 1473 1473 1473 344
929 667 667
930 390 150
931 293 157 293
932 149 149 219 166 28 134 183 152 128 128 462 462 1474 1475 513 294 1476 189 904 904
933 904 904
934 156 1414 802 802 40 475 1477 1478
935 592 592 821 821 1479 1479 821
936 118 519
937 1480 1481
938 1482 1483
939 1484 1485 293 303
940 149 215
941 130 412 411 722
942 132 742
943 777 777
944 667 1486
945 118 118
946 1487 1014
947 1488 1129 333
948 154 215
949 614 368 312 368
950 1489 1490 1490 1491 1489 1492 1493 1491
951 1494 1495
952 1496 1497 1498 1499 1500
953 1501 1501
954 548 737 156 118
955 1171 1171 1171 1171 1171 1171 1171 1171
956 272 247 1502 1502 731 1503 1504 731 1505
957 528 1506 1507
958 677 677
959 1508 1509
960 1010 386 17 88 664 45 311 49 44
961 1510 326 725
962 1511 1512 575 575 275 575 575
963 1513 1513
964 1275 1514
965 99 98 97
966 476 1515 528
967 380 380 974 974 383 728 728
968 294 294 157 157 294
969 1516 1142
970 592 31
971 1184 1517 1517
972 958 1007
973 228 228 228 1518 228
974 87 153 87
975 247 247
976 958 602
977 1519 1520 1521 1522
978 272 272
979 638 1103 637 809 1103 1523 1524
980 283 158
981 150 150 150 150 807 204 431 1525
982 1327 1327 1327
983 118 312
984 143 144
985 1526 1526
986 1527 1040 1527
987 302 380 303 302 157 368 312 166 157
988 1528 1529 1530 1531 1532 1531 294 773 773
989 1195 215 87 276 276 1533 222 78 532
990 215 32 215
991 224 853
992 149 32
993 547 270
994 94 149
995 717 130
996 1534 1535 1536 1537 1538 1539 1540 1541 1542 1543 1544 1545 1546 1547 1548 1549
997 475 475
998 807 807
999 1550 1550 1550 1550
1000 1190 698
1001 1551 1551
1002 50 311 45 46 45 1007 111 668 112
1003 495 1552 495
1004 1553 681
1005 270 270 371 371 958 958 371 371
1006 85 1554 147 1135
1007 442 633 1336 442
1008 1555 354 1556 320
1009 420 420
1010 1557 1558 1557
1011 492 1275
1012 36 1559 1560 1561
1013 1562 1562
1014 433 571
1015 1333 1334
1016 1563 1564
1017 1565 1566 1565
1018 916 1567
1019 1568 1568
1020 1009 602
1021 1009 784 784 9 9 9 9 631
1022 1 37 385 664 50 9
1023 1569 1570
1024 1114 204 204 112
1025 361 1114
1026 277 785 1161 1160 1163 916 1571 1572
1027 1573 1574 1575 1574
1028 1133 1133 1133 350
1029 1356 711
1030 221 475 1576 475 1577 1578 1579 1578 1578 1578 1578 1578
1031 1190 1580
1032 367 1010 149
1033 731 731
1034 1581 52 1581
1035 143 144 277 143
1036 145 266 95 1582 1583 1584 1254 1585 1586 1587 1588 1589 266 1590
1037 293 390 390 149
1038 1321 1335 661 1591
1039 1592 1592
1040 808 215
1041 1593 1594 1595 1596 1597 1598 1599 1600 1593 1601 1602 1603 1604 1605 1606 1607 1608 1609 1610 1611 1612 1613
1042 163 163 163 1614 739 739 128 128 128 543 543 543 543 739 739 669 28
1043 1615 1615
1044 380 118
1045 142 141
1046 635 1616 1617
1047 270 336 416 270 270 988
1048 35 1618
1049 204 603 115 117
1050 1619 1376
1051 1620 1236 518 165
1052 385 87 91
1053 75 929 483 929 486 9
1054 1621 72 1622 1622
1055 1623 1624 1625 1624 1623
1056 270 270 365
1057 215 378 215
1058 492 492
1059 1626 1626
1060 471 216 76 716 154 716
1061 150 492 150
1062 155 155
1063 914 1325
1064 1114 361 1114 203
1065 204 112 1627
1066 371 1409
1067 1628 1629 1630 1198
1068 1319 209 371 391
1069 47 47 1407 1407
1070 1631 1632 1633 1634 1633 1634 1635 1636 1637 1638 1633 1633 1639 1637 1640 1633
1071 1641 1642
1072 203 204
1073 737 737
1074 37 37
1075 293 293
1076 1643 1644 1645 344 1645 1645
1077 1646 1646 1647 1648 1648 1647 32 1649
1078 1650 1651 1339 1339 1652 32
1079 276 360
1080 243 510
1081 391 1133 360
1082 674 1653
1083 72 72
1084 444 444 377
1085 1654 1655 1656 1654
1086 1657 1658 1659
1087 1660 1660
1088 964 350
1089 524 1661 1662 1663
1090 92 32 359 270
1091 237 237 237 237 237 573 573 573 807 1664
1092 797 1665 1666 1667 1668 1669 797 209
1093 166 1335 1670 360 1335
1094 223 371
1095 516 516 136 1671
1096 145 350 166 1338 661 44 49 166 1670
1097 511 10
1098 344 1076
1099 1152 1672
1100 87 87 1673 1674 1169 1675 1676 1677 547 331 1678 1679 331 547 1680 1680 851 331 1679 1680 547
1101 1321 1321 542 934 112
1102 32 32 32
1103 511 361 1114 731 511 147 1681 548
1104 1682 1683 568 715 715 1684 1685 1686 1686 111
1105 237 215 1206
1106 492 390 36
1107 732 732 732
1108 223 276 166
1109 697 55
1110 451 222 222
1111 730 153 16 153 91
1112 270 270
1113 87 808 730 730 570 601 635 388 635
1114 277 277
1115 1687 1688
1116 390 1016 1689 1690
1117 1691 331 548
1118 1167 1167
1119 1692 1693
1120 1149 1149
1121 128 543 130
1122 1135 1135 631 631
1123 1162 1160
1124 270 1694 1127 1695 1696 1697 1698 1699
1125 146 1321 1700 1701 1702 1703 72 271
1126 1124 442 1003 243 1704 444 1003
1127 115 1165 668 532 115 1198 1705 72 1622 1706 96 116
1128 1707 1707
1129 294 696 194 681 27 194 194 244 1708 945 196 197 1709 1476 1287 1710 1286 722 1711 1589 571 1582 1712 1713 1714 1714 1715 1716 1717 1718
1130 1719 1719
1131 276 209
1132 391 1720 15
1133 1721 1722 1722 1723 1723 1643 1643 1724 1724 1725 1726 1724 1727 1728 1729 1729 1729 1729 1724 352 1730 1730 1731 1731
1134 513 513 596 512 1732 189 1733 187 187 244 775 514 722 722 722 592 1124 1124 1124 711 1356 215 29
1135 632 143 144
1136 92 571 1734 1735 1587
1137 204 204 204 511 203 205 205 205 511 710 203 204
1138 359 492
1139 1736 1737 1737 1737 1737
1140 1738 87 387
1141 1325 1325 1161
1142 150 277 150 277
1143 1468 1469
1144 1468 1739 1468
1145 375 153 153
1146 1740 1741 1742 1742 464 467 1743 1743 1744 1744 1745 1745 1746
1147 246 243 292 292 246 292 292 292
1148 1747 1747 1748
1149 1319 1749 830 48 1750 1750 1751 1752 1751
1150 677 677 327
1151 1149 1149 1149
1152 1114 1114 1753 1114 1754 1755 1643 1643 1756 1756 1757
1153 209 730 601 345 367 149 413 148 413 149 345
1154 267 267
1155 10 203 10 511 511 594
1156 400 964
1157 337 87
1158 367 1236
1159 1165 115 1165 1165 532 532 532
1160 1133 391 350 964 965
1161 277 87
1162 1758 1759 1569
1163 987 1107 1071 1109
1164 1107 88 391 999 88 224 853
1165 793 793
1166 313 277
1167 369 247
1168 601 601
1169 302 1670
1170 414 383
1171 408 1414
1172 1760 1761 1762 1763 1764 1765 1766
1173 778 1767 778 778 778
1174 1670 146 146 1670 1670 1335 1335 1766 1768
1175 150 390
1176 270 416
1177 225 77
1178 21 21 1769 21 21
1179 414 17
1180 1770 40
1181 66 182
1182 728 728 728
1183 386 386 386 386
1184 292 414 214 1771 362
1185 1772 1772 1772
1186 682 682
1187 714 714
1188 87 148
1189 575 275 575 575 575
1190 1773 1773 157 156 1773
1191 814 814 814 814 814
1192 1774 1775 414
1193 1776 1776
1194 266 266 266 266
1195 1777 1192 222 622 1778 1779 798
1196 1780 1780
1197 664 958 37
1198 17 1781 777
1199 1782 847
1200 153 219 1010
1201 566 668
1202 1783 1784 1785
1203 369 1786 1786 1786
1204 246 601 697
1205 145 166 674 360 674 166 661 1670 661 166 360 1338 663 661 1787 1788 1789
1206 157 387 149 387
1207 670 715
1208 1790 1502 1790
1209 434 434 545 494 276
1210 1201 368
1211 87 378
1212 1791 86 1792 1793 1792 1794
1213 1795 1796 593 743 1797 669 744 1798 773 1799 1800 1799 87 87 1801 1802 1755 1754 1803 547 1680 1804 1805 340
1214 1806 1807 547 548 547
1215 52 156 118
1216 697 224
1217 471 1340 469 471 75 929 483 216 740 462 132 130 1808 134 1809
1218 1810 1810
1219 614 332 1206 884 1811 90 1300
1220 1812 1813 1811 1814 86 85 1811 964 245 1702 1701
1221 1815 814 1816
1222 1817 1817
1223 368 313 614
1224 1313 1313
1225 50 854
1226 21 149
1227 632 1354 1354 1818 1819 1819 1819 1818 1819 1820
1228 413 413
1229 204 147 147
1230 548 548 547
1231 1821 1821 1822 1712
1232 345 345
1233 216 483 929 75 75 469 1340 471 716 76 127 486 1823 56 1824
1234 371 958 1439 1825 1826 1827 1828 1828
1235 32 964
1236 87 87
1237 1478 1478
1238 302 380 380
1239 205 204 205 204 204
1240 580 581 1829 1015 1563
1241 1207 351 210 1830 1830 1831 1830
1242 118 519 156 825
1243 87 87 46 44
1244 1414 408 1414
1245 592 1832
1246 897 1833 1834 1833 1835 1833 897 1833 1833
1247 360 1335 54 53
1248 471 469 483
1249 1836 150
1250 367 148 148 367 367 600
1251 35 320
1252 635 1717 95
1253 543 543 543 739 163 832 162 1837 162 1838 1839 147
1254 277 1840 1840 239 1010
1255 149 387 149 149 91 87
1256 36 36
1257 408 408 408
1258 276 209 276 477 1841 1841 1842
1259 1843 1844
1260 1129 1129
1261 390 570
1262 380 1845
1263 702 702
1264 1236 1236
1265 189 28
1266 150 492 492 492 492 492 150
1267 66 1846 1211 65 1847 303 303 1848 1849 141 141 1850
1268 1851 1851 1851
1269 276 1852 1533 433 544
1270 370 371 958 1207 210 602
1271 270 224
1272 1853 1854
1273 1855 327
1274 111 111
1275 1856 968
1276 111 149 511 511 511 511 511
1277 166 1857 1789 1858 1859
1278 1860 1861
1279 1330 1862
1280 1863 518
1281 1864 150
1282 1865 1865 1865
1283 1049 221 1866 1867 1868
1284 483 483 929 929 929 929
1285 1869 1870 1871 1872
1286 1873 1874
1287 111 112 18
1288 153 18 154 218
1289 1009 1875
1290 1876 395 395
1291 385 385 385 87 87
1292 391 391
1293 144 144
1294 211 31 13 359 516
1295 476 1579 281 1877 62 1878 61 62 1862 620
1296 1879 1698 1880
1297 1881 1882
1298 1883 1884
1299 62 62
1300 36 1885 325 1886 36
1301 151 664 5 463
1302 808 31 1887 1888 1889 1890 1891 1892 1893 1894 1895 1896
1303 118 277 964 1897 1898 1899 1900 1901 1902 1903 1904 1905 1906 1907 1908 1909 1910 1911 1912 1595 1913 1595 1914
1304 678 1014
1305 130 635
1306 46 49 734 49
1307 730 601 32
1308 373 373
1309 808 345 808 821 821 821 243 1864 1915
1310 14 14 631 1916
1311 1112 1133 311 1917 1211 1213 1211 1918
1312 205 205 205
1313 516 420 1919
1314 516 420
1315 483 929 471 127 486 1823 931 1010 44
1316 270 270
1317 547 1324 1920 1340 470 56 1653 229
1318 1921 1921 1921
1319 158 243 1530 243
1320 1662 1662 1662 1662
1321 1922 1923 1924 384
1322 583 264 97 632
1323 243 294 616 16 616 648 1925 1926 1509 1927 1928
1324 1929 1551
1325 249 249 249 249
1326 204 249 249 249 249 632 1354 1930 1931 1023 1023 1932 1932 249 249 249
1327 1933 1934 1935 1936
1328 1937 1937
1329 118 40
1330 785 72
1331 215 91
1332 1938 1938 1938
1333 268 1938 1938
1334 326 326 326 326 326 326 326 326 326 326 326 326
1335 1939 1939
1336 128 152 135
1337 118 380
1338 682 682 379 16 148 17 149
1339 1940 203 710 1941 710 710
1340 118 519 17 17
1341 1336 1336
1342 730 635 729 408 293 1321
1343 91 32 385 729 633 936 224 216
1344 1942 1622 1943 1944 1945 1945 1946 881 1947 1948 881 211 1949 1327 198 137 420 1950 1951
1345 712 1952
1346 886 18
1347 1454 1953 1953 444 1454 1954
1348 664 802 50
1349 1955 1955
1350 1956 1957 1957
1351 31 13 31 13
1352 1958 1958
1353 1959 1960 1959 1961
1354 281 281
1355 392 662
1356 244 592 592 244 244 244 244
1357 934 1135 1135
1358 1049 1049
1359 716 545 545 545 545 545 545
1360 277 277 277
1361 1409 204
1362 469 1340 929 471 716 471 1962 1963 1964 1965
1363 390 390
1364 724 724
1365 96 96 96 96 10 10 96
1366 96 96
1367 702 702
1368 264 98
1369 368 157 1966 1967 1691
1370 1968 1969 1968 208
1371 153 432
1372 1882 1882
1373 22 1970 22 22 204 22 204
1374 510 1124 1124 166 674 166 1321
1375 270 270 988 988
1376 32 1971
1377 1195 1195 111 111 896 896
1378 111 111
1379 78 224 1972
1380 150 492
1381 532 532 21 46
1382 345 345
1383 1325 914
1384 150 1664
1385 575 575 414
1386 1973 1974 1975
1387 1976 1977 1978
1388 1979 1980
1389 156 575
1390 270 416 366 336
1391 380 313 293 303 312 118
1392 137 137 1981 1982 137
1393 371 1533 1533 662 371 1533 1983 363 1983 364 1984
1394 1985 1665
1395 225 1986
1396 209 78 209
1397 730 601 635
1398 1987 1988
1399 149 149
1400 1989 1989 857
1401 263 583 1275 246
1402 277 1990 1991 1992 1993 1994 1995 1996 1997
1403 920 52
1404 127 76
1405 367 413 367 413 413
1406 1998 1999
1407 1247 320
1408 1321 166 1321
1409 385 1336
1410 276 702
1411 2000 2001
1412 2002 320 2002
1413 155 958 282 158
1414 1672 1672
1415 134 183 28 669 265
1416 303 303
1417 2003 2004 2005
1418 27 5 135
1419 2006 2007 2008 2009 2010
1420 145 145 145
1421 189 28 188 189
1422 28 189
1423 313 380 293 293 118
1424 149 350 853 1972 432 433 678 2011 678
1425 616 616 433 433
1426 21 665 665
1427 821 244
1428 44 45
1429 335 335
1430 367 345 367 824
1431 2012 2013 2014 2013 92 1112 1227
1432 717 216 929 75
1433 1645 1643
1434 1197 2015 215 853
1435 32 32
1436 147 112 147 1373 30 115 442
1437 275 575
1438 572 572
1439 32 32
1440 2016 2016
1441 45 1226 511
1442 277 929
1443 150 277
1444 153 153 17
1445 998 119 998 998 120 484
1446 275 575
1447 149 32 270
1448 730 516 1404 494
1449 554 278 2017 278 556
1450 483 2018
1451 325 325
1452 2019 1226
1453 43 432 433 432 432
1454 224 1972
1455 43 1653 929 706
1456 91 91 91 91
1457 2020 2021 2022
1458 2023 2024 1724
1459 493 350 391 209 709
1460 2025 2026
1461 1473 736 33 331 277 150 150 150 1330 732 631 914 1698 1879 1525
1462 785 631 270
1463 528 1506 334 2027 2028 45 909
1464 272 90
1465 204 204 204 204 205 205 205
1466 637 637 749 749
1467 2029 2030 2029
1468 717 717 717 216 216 216 483 1808 929 75 75 46 49 47 47 216 216 216 929
1469 246 292 293 313 157 153 154 29
1470 526 526 527 526 2031
1471 149 91
1472 265 2032
1473 964 370 545 145 958
1474 283 283 2033
1475 246 246 292 292 737 737 156
1476 31 332
1477 1956 1956 1956
1478 272 350
1479 1820 1987 1987 1819
1480 370 370
1481 129 412
1482 141 637 638 1103
1483 2034 2035 2036 2037 2038
1484 22 22 22 22 22
1485 2039 2039 2039 2040 2040 1185 1183 1517 2041 1183 2042 2041 1183 1183
1486 216 929
1487 153 153 154
1488 492 390
1489 670 670 263
1490 203 203
1491 204 204
1492 814 814
1493 375 1275 1275
1494 580 80
1495 1335 661 95
1496 2043 2044 669
1497 2045 2046 2045
1498 359 223 112
1499 550 510 510 592 375 224 237
1500 224 224 2047
1501 156 390 277
1502 2048 1095
1503 203 203 203
1504 1687 1687
1505 532 1165 1165
1506 511 21
1507 270 416 416 988 366 366
1508 2049 2050 2051 2051 2052 2053 2054 2055
1509 575 246 575 246
1510 2056 989
1511 345 616
1512 37 2057
1513 332 736 33 331 359 2058 535 284 284 151 1955 2059 2060
1514 2061 2061 442 696 1286 193 244
1515 21 516
1516 2062 2062
1517 1987 632 1354
1518 475 475
1519 1079 147 147 111 117 147
1520 37 211
1521 896 112
1522 2063 1994 272
1523 1850 1850 1850
1524 21 21 21 21 37 21 21 2064 2065 2066
1525 2067 1049 2067
1526 81 2068
1527 2069 968 968 968 967 968 968 968 2069 181
1528 2070 2071 2072 2073 2074 2075 2076 2074 622
1529 204 204
1530 533 387 2077
1531 575 575 575
1532 219 153 153 154 853 1972 77 78 78 238 727 727 727 727 2078 131 131 308 308
1533 221 270 350
1534 22 22 22 22 22 22
1535 153 17
1536 1366 1364 475 2079
1537 47 311
1538 2080 66
1539 370 391 1808
1540 331 548
1541 2081 2082
1542 920 920
1543 975 1666 2083 1411
1544 2084 2084
1545 380 283
1546 431 147
1547 2085 2085
1548 293 313 479
1549 283 1051
1550 385 149
1551 154 832 10
1552 149 149 154 154 153 219 16 16
1553 270 158 2086 204 204
1554 277 588 32 2087 320 32
1555 277 273 741 747
1556 2088 228 345 1198 112 600 367 345 211 277 310 600 600 600
1557 2089 1693 1692 2089 1692
1558 2090 2091
1559 2092 2093 2093
1560 2094 58
1561 379 682 16
1562 10 511 96 96 96
1563 2095 2095
1564 302 302
1565 95 2096 5 2097 2098
1566 2099 701 2100 99 263 98 2101 2102 2103 24 1530 2104 29 135 27 1529 189 25 717 741 463 2105
1567 331 331 331 548 548 548 548 548 548 548 548 548 548 548
1568 204 431
1569 2106 1555
1570 320 320
1571 711 2107 592
1572 440 440 2108
1573 17 701 283 283 283
1574 183 134 28 134 2109 188 183 134 183 183 152 512 747 747 183
1575 2110 2111 2112 2113
1576 2114 514 515 2115
1577 208 2116
1578 153 1732
1579 2117 2118 320
1580 411 412 131 2119 134 28 152 747 135
1581 248 249
1582 302 275
1583 469 470 1340 76 58
1584 156 2120
1585 2121 1856 1856 2122 2122 2122 2122 2122
1586 1356 711 118 312 2123 494 34
1587 964 345
1588 40 477
1589 2124 2124 2125 2124
1590 270 202 371
1591 514 2114 131 2126 744 1240 2127 2128 2129 1432 1432 1432 1432 1432 695 2102 2130 227 205
1592 270 270
1593 224 77
1594 1405 1405 556 554 556 420
1595 237 237 545 434
1596 32 359 32 36 359 1419 32
1597 2131 2132 1445 2133 1938
1598 2134 1246 616
1599 483 483 717 717
1600 385 385
1601 369 243
1602 367 345 367 1142 2135 2136 2137
1603 106 2138 2138
1604 1322 1322
1605 42 42
1606 665 665
1607 491 573
1608 144 144
1609 2139 2140 2139
1610 2141 2142
1611 2143 2144 2145 2146 2146 2144 2146 150 2144 2146 2146 2146
1612 2146 2143 2144
1613 1576 2147 1579 1576 2147
1614 380 2148
1615 303 303
1616 1414 214
1617 277 215 209
1618 302 375 1514 148
1619 87 2015 162 2149 2015
1620 2150 2151 2150
1621 359 277 209 2152
1622 2153 2154 2155
1623 344 87 87 87
1624 320 320 367
1625 1295 2156 1295 1295 1295 1295
1626 154 2157 130 412 131 132 774
1627 685 685
1628 1149 1149 2158
1629 677 2159
1630 215 215 215 378 2160 2161 2161 2162 427 427 427 2162 2161 571 571
1631 54 72
1632 416 366 988 366 270 49
1633 989 2163 2164
1634 2026 2165 2166 1037
1635 416 270 270 270
1636 153 153 17 17 18 18 2167 2167
1637 2168 1919 2169 1671 1919 546
1638 37 273 21 36
1639 350 209 391 1133 391 392
1640 2170 2171 2171
1641 2172 2173 2172
1642 958 370
1643 2096 2096
1644 150 2174 2175
1645 52 830 90 244 517 547 2176 830
1646 122 2177
1647 36 325 1886 325 36 325 36 36
1648 632 632 2178 2179 2180 2180 2181 632 632 632 632
1649 793 793 303 614
1650 215 2182
1651 2183 2184
1652 2185 118
1653 371 674 360 2140 2186 2187 2188 2189 2190 2191 964 59
1654 560 344
1655 2192 2193
1656 532 668
1657 111 709 709 147 203 111 112 710 147
1658 153 370 2032 958
1659 2194 451 685 222 685
1660 2195 2196
1661 21 21 2197 1272
1662 35 2198
1663 2199 2200 2201 2202 1887 2203
1664 2204 2205 2205 2204
1665 37 665 128 741
1666 2206 2206
1667 380 519
1668 2207 1153 2207 1153 1153
1669 301 111 112 896 2208 2209 2210 2211 2080
1670 1409 857 35 1162 2212 213
1671 2213 2214
1672 709 1952 566 566
1673 130 152
1674 631 914 2215 1160 631 1114 1022 631 1022 631 1325 2215 914 631 1022
1675 270 166 365 202
1676 2061 2216
1677 785 271 203 72 32 72
1678 391 431 203 202 166 661 661
1679 380 1456 368
1680 1850 153
1681 144 237 929 483
1682 695 1414
1683 270 270 416 416 366 366 988 988 1344
1684 2217 2218 2219
1685 967 967 967 967 958 2220 2221 967 967 967 958 1720 2222 2221 967 967
1686 351 1113
1687 2223 1191 699
1688 156 293 1414 736
1689 2224 72
1690 1206 1206
1691 324 36
1692 1749 615 44 94
1693 70 2225 2226 2227
1694 631 1330
1695 2228 35 35
1696 492 150
1697 2229 2230 1884 2231
1698 2232 2232
1699 246 695
1700 2233 709 112 10
1701 2234 2235
1702 369 368 312 303 886
1703 156 156
1704 157 150
1705 266 2131
1706 442 1356 1356 22 292 682 379 2097 2097 2097 2236 2237 2238 2239
1707 153 153
1708 270 270 270 270 270 270
1709 633 219 154 270 366 988
1710 420 558 2002 2240 137 2137
1711 215 237
1712 150 91 37
1713 367 345 367 345 367 367 367 181
1714 1705 1705
1715 633 130
1716 736 332 548
1717 215 378 215 378 378 215
1718 302 312 1771
1719 414 2241 2242 414 2243
1720 545 685
1721 203 204 2244
1722 17 182
1723 408 99
1724 2245 2246 2247 2246
1725 728 272 111
1726 800 479 2248
1727 283 549
1728 2015 774 2249 2250 2251
1729 17 143 18
1730 1074 2252
1731 90 2253
1732 275 575
1733 1952 1165 227
1734 2254 2255
1735 35 857
1736 335 335 362 362
1737 150 386
1738 1003 1003
1739 408 695 246 292 246 292
1740 303 166
1741 2105 2256 189 333 2257
1742 166 543 832
1743 808 21 238
1744 163 739 162 163
1745 277 210 210
1746 2258 2258
1747 2259 2260
1748 2065 1671
1749 221 214 575 2261 282 118 313 145 1670 1335 807 524 731 2262 475
1750 2263 2264 2264 469 2264 2263 2265
1751 511 511
1752 2266 2267 2268
1753 2269 2270 2271
1754 380 380
1755 2080 484 120 119 2185 2185 2272 2185 2273 2274 312
1756 270 270 714 2275 2276 2277 2275 1409 270 270 2275 2278 2279 2280 2281 2282 2283 2284 2285 2286
1757 150 150 150 150 150 150 390 390 390 390
1758 2287 2287
1759 920 246 920 695 16 1392 920 715 715 88 998 2288 2289 2288 998
1760 1071 1109 1108 2290 1627
1761 420 420 420 420 98
1762 294 1003 302
1763 215 193 707 1487 2291 2292 2293
1764 2294 2295 2294 2030 2294 2294 2294
1765 469 469 717 717
1766 709 32
1767 367 413
1768 396 396 396 396
1769 1574 1573 1574 1575
1770 511 511
1771 270 270 270
1772 35 35 35
1773 709 668
1774 62 62
1775 282 282
1776 137 2201 1671
1777 276 2296
1778 150 150 150 13 31
1779 302 2297
1780 1823 46
1781 958 371
1782 366 270 1439 1319 2298
1783 150 277 87 91 808 150
1784 396 2299
1785 153 17 87 87 1514 1514 386 386 1803 2300 2300 385 385 2300 2300 2301 1558 2302 87 87 386 386 1036 1803 87 87 1664 230 230 153 153
1786 1336 2303 68 1336 1336 377 377 2304 697 2305 444 444 1217 408 695 695 377 2306 697
1787 1051 2307
1788 294 886 885 244 243 1356 362 444 1217 1217
1789 2308 2309
1790 380 277
1791 2310 2311 2311 2311 1444
1792 983 984 2312 983 983 2312 983
1793 2313 2314 2315 2315
1794 345 148
1795 1141 1141 1381 320 320 1129 1129 344 344
1796 2316 276
1797 367 345
1798 730 635 729 730
1799 824 2083
1800 1336 548 33
1801 153 17
1802 2317 2317 2318 2319
1803 1092 1217 2320
1804 1646 119
1805 1823 127 127 1808 75 75 2321
1806 2322 2323
1807 2324 1477
1808 370 370 958 958
1809 154 219 153 17
1810 146 663 661
1811 484 2325 2326
1812 1952 709 116 111
1813 2327 1316
1814 335 2328
1815 62 1515
1816 371 371
1817 698 210 210
1818 128 277
1819 2131 1446 1445 1446 1443
1820 2329 2330
1821 163 6 50
1822 76 2331 2332 2333
1823 633 964
1824 2334 1258 2335 2336 2337 2338 1247
1825 1191 210
1826 275 575 275
1827 2339 2340
1828 33 736 380
1829 270 623
1830 209 277
1831 573 210 573
1832 270 270 270
1833 2341 2342
1834 118 118
1835 2343 2343
1836 714 1275
1837 2344 2345 2346 2347 2347 2344 2344 2348 2345 2344 2345 2349 1675 1675 2350 2351 2351 2352 2353 2354 2355 2355 407 2356 2356 2357 2358 2356
1838 2359 2360 1462 2361 2359
1839 492 492
1840 60 60
1841 62 2362 2363
1842 45 47 48 45 45 46 311 47 47 50 49 45 45 47 311 50 45 45 46 46 47 47 47 311 47 47 666 94 9 44 48 44
1843 99 97 97 2364 1987 263 2365 1818 2366 2367 2368 2368
1844 1336 1336 1336
1845 386 272 575 975
1846 2369 910
1847 548 1691 550 331
1848 635 635 633 635 635 2370 2371 2371 2371 635
1849 150 277 351 2057 1682
1850 538 538
1851 2372 2373
1852 417 54 2374
1853 920 52 52 920
1854 52 52 283 158 283 52
1855 920 52
1856 133 412 135
1857 153 777
1858 153 153 18 153 153 153
1859 381 381 2375 381 381
1860 1823 717 471 470 469 486 1340 929
1861 211 936 557 2376 2376 2376 1671 1919 2376 1671
1862 204 203
1863 924 2377 362
1864 247 247
1865 299 299
1866 837 2144
1867 441 117
1868 2378 2379 2380 800 2381 2382 2383 2384 2385 1256 354 1556 355 2386
1869 1102 1102
1870 247 247
1871 96 96 511 10
1872 36 386 277 32 32
1873 415 270
1874 793 1840 98 701 99
1875 97 264 263
1876 2387 2387
1877 1987 189 189 1360
1878 2388 1956
1879 1987 1987 2389 2390 746 412 189 189 29 25 681 1479 2391 1987
1880 153 17
1881 729 635
1882 156 126 451 545 222
1883 1003 442 441 1414 695 408 219
1884 469 469 747
1885 166 2392
1886 36 215
1887 550 550
1888 492 492
1889 2393 2394
1890 333 2395 631 1325
1891 392 2057 1749
1892 1643 273 573 1533 126
1893 87 277
1894 677 964
1895 44 49
1896 371 1319 2396 209 2397 2398 2399 2400 2401 2402 2401 2399 2403 2404 1811 2405
1897 111 111
1898 2406 2407 2407
1899 936 166 360 1653 208 2408 2409 2410 2411 936
1900 2412 2413
1901 2414 1300 1300
1902 182 182
1903 375 1817
1904 203 710
1905 717 717 483 483 483 483 483 216 216 216 929 929 929 929 929 929 75 75 75 75 75 469 469 716 127 127 1823 390 378 378 378 2415
1906 2416 982 2417 74
1907 52 920 920 920 920 2418 2419 2419 371 371
1908 517 2420 1485 337 549 493
1909 2421 2422
1910 1165 116
1911 115 532
1912 2423 2424
1913 2374 1691 2123
1914 387 370 371 392
1915 436 2425 436
1916 293 1956
1917 10 511
1918 1865 1516 2426 2427 2428 2428 2429
1919 1459 1856 968 1459 1856 659
1920 2272 2272 2430 484 484 484 2431 2431 2431 2432 2432 998
1921 484 2431 2431 2431 484 484 484 2289
1922 221 2083
1923 2433 2434
1924 341 2435
1925 2436 2437 2437
1926 739 543
1927 557 420
1928 203 111
1929 369 1952
1930 96 511
1931 303 312
1932 1953 1953
1933 153 153 153
1934 433 225 237 451 432 1340 237
1935 2438 2439 2438 2438 2191 2191 2191 2439
1936 2440 392
1937 2441 40
1938 1972 1972 1972
1939 277 148 270 366
1940 583 150 277
1941 793 793
1942 1340 716
1943 632 204 205 204
1944 32 359 32 359 32
1945 390 2442
1946 118 302 368 326
1947 548 1691
1948 277 936
1949 36 2443
1950 2047 697 2444 224 2445 2446
1951 951 954 951
1952 2447 91
1953 2448 2449 2450
1954 717 75 469 56 53 411 412 463 1226 471 1808
1955 157 157 246
1956 2451 2188 2452
1957 2453 2453
1958 37 37 320 204 18 682 682 633 633 571 571 204 1195 205 203 1195 203 204 431 431 205 189 1476
1959 1772 2454 754 2455 2456 2457
1960 2228 2458 2459 2460
1961 270 270
1962 443 443 245 245
1963 386 386
1964 115 111 115 203 2461 2462 2463 354 355 2464 2465 2464 2466 2466 2467 2468 2467 2466
1965 614 1845 2469 2469 1845
1966 698 698
1967 1125 247 678 516 391 964
1968 2470 2471
1969 92 2472
1970 1206 711 518 2015 165
1971 32 359
1972 716 1340
1973 2114 2473
1974 335 1771
1975 203 1165
1976 2474 2474 2474 2475 2474 2474 2474
1977 390 390 390 390 209 209 209
1978 469 132
1979 920 52 52 214
1980 958 224
1981 78 78
1982 411 56 1030
1983 331 331
1984 1813 1812 1813
1985 964 2057 966 1164 1030 2476
1986 246 408
1987 2477 320 2168 1671 1671 2478 2203 2203 2203 1052 1052 1052 1052 1052 2479 2478 2480 2012
1988 2481 2481 2482
1989 1043 1044 2483 2484
1990 2485 2486 2485
1991 2487 2488 2487 2489 2488 2489 2490 2490
1992 631 14 2491 14 785 631 785 14
1993 2492 813 263 2493 1306 2494 72 1006 2495 1006 330 2496 2496
1994 2497 2497 2498 2499 2500 2501 2501
1995 35 35
1996 2502 2503
1997 2504 2505 2506 2507 222 873 573 573 2508 1801 743 1290 594 742 743 774 1797 196 2509 1786
1998 614 830 614
1999 2105 2510
2000 118 313 293
